A=2
B=3
C=5
D=3
D
